0 0.890625 0.5661057692307693 0.055288461538461536 0.18269230769230768
0 0.10336538461538461 0.16947115384615385 0.20673076923076922 0.29086538461538464
0 0.12259615384615384 0.4951923076923077 0.0625 0.2932692307692308
0 0.17548076923076922 0.5144230769230769 0.07692307692307693 0.28365384615384615
0 0.18389423076923078 0.9350961538461539 0.04807692307692308 0.125
0 0.2439903846153846 0.06490384615384616 0.0625 0.12740384615384615
0 0.24639423076923078 0.921875 0.06971153846153846 0.15144230769230768
0 0.2536057692307692 0.53125 0.057692307692307696 0.32211538461538464
0 0.29447115384615385 0.06490384615384616 0.04326923076923077 0.12740384615384615
0 0.3137019230769231 0.9435096153846154 0.07451923076923077 0.10817307692307693
0 0.33774038461538464 0.06129807692307692 0.06971153846153846 0.1201923076923077
0 0.33774038461538464 0.5276442307692307 0.07692307692307693 0.31971153846153844
0 0.35336538461538464 0.24879807692307693 0.057692307692307696 0.20192307692307693
0 0.375 0.9483173076923077 0.04807692307692308 0.0985576923076923
0 0.039663461538461536 0.8473557692307693 0.07692307692307693 0.06009615384615385
0 0.3894230769230769 0.0673076923076923 0.08653846153846154 0.1346153846153846
0 0.39903846153846156 0.7463942307692307 0.04326923076923077 0.13942307692307693
0 0.4170673076923077 0.5120192307692307 0.07692307692307693 0.32211538461538464
0 0.4170673076923077 0.2920673076923077 0.03365384615384615 0.10096153846153846
0 0.4266826923076923 0.9627403846153846 0.08653846153846154 0.07211538461538461
0 0.44591346153846156 0.7632211538461539 0.0673076923076923 0.16826923076923078
0 0.4495192307692308 0.05889423076923077 0.036057692307692304 0.11538461538461539
0 0.4519230769230769 0.23798076923076922 0.038461538461538464 0.21153846153846154
0 0.4831730769230769 0.056490384615384616 0.038461538461538464 0.11057692307692307
0 0.4855769230769231 0.5180288461538461 0.06971153846153846 0.31971153846153844
0 0.5036057692307693 0.7668269230769231 0.0673076923076923 0.17067307692307693
0 0.5072115384615384 0.23317307692307693 0.07692307692307693 0.23557692307692307
0 0.5096153846153846 0.9591346153846154 0.09134615384615384 0.07692307692307693
0 0.5180288461538461 0.054086538461538464 0.038461538461538464 0.10576923076923077
0 0.5480769230769231 0.5300480769230769 0.07211538461538461 0.3125
0 0.5528846153846154 0.04927884615384615 0.038461538461538464 0.09615384615384616
0 0.5673076923076923 0.23798076923076922 0.04807692307692308 0.21153846153846154
0 0.5673076923076923 0.7788461538461539 0.0625 0.20192307692307693
0 0.057692307692307696 0.9399038461538461 0.11538461538461539 0.0673076923076923
0 0.5985576923076923 0.23317307692307693 0.08173076923076923 0.25961538461538464
0 0.6045673076923077 0.04326923076923077 0.03365384615384615 0.08653846153846154
0 0.6141826923076923 0.5456730769230769 0.0673076923076923 0.3485576923076923
0 0.6189903846153846 0.7992788461538461 0.038461538461538464 0.19471153846153846
0 0.6394230769230769 0.04447115384615385 0.04326923076923077 0.08653846153846154
0 0.6418269230769231 0.234375 0.0625 0.27403846153846156
0 0.6730769230769231 0.8221153846153846 0.038461538461538464 0.20673076923076922
0 0.703125 0.5492788461538461 0.07692307692307693 0.3245192307692308
0 0.7247596153846154 0.8377403846153846 0.0625 0.22115384615384615
0 0.7271634615384616 0.24519230769230768 0.10096153846153846 0.28365384615384615
0 0.7608173076923077 0.5661057692307693 0.0625 0.3269230769230769
0 0.7848557692307693 0.04927884615384615 0.04326923076923077 0.09615384615384616
0 0.7836538461538461 0.8557692307692307 0.04807692307692308 0.23557692307692307
0 0.8064903846153846 0.5805288461538461 0.0625 0.3389423076923077
0 0.8125 0.2512019230769231 0.06971153846153846 0.27884615384615385
0 0.8389423076923077 0.055288461538461536 0.04807692307692308 0.11057692307692307