0 0.5661057692307693 0.109375 0.18269230769230768 0.055288461538461536
0 0.17067307692307693 0.8954326923076923 0.2932692307692308 0.20432692307692307
0 0.4951923076923077 0.8774038461538461 0.2932692307692308 0.0625
0 0.5144230769230769 0.8245192307692307 0.28365384615384615 0.07692307692307693
0 0.9350961538461539 0.8161057692307693 0.125 0.04807692307692308
0 0.06490384615384616 0.7560096153846154 0.12740384615384615 0.0625
0 0.921875 0.7560096153846154 0.15144230769230768 0.06971153846153846
0 0.53125 0.7463942307692307 0.32211538461538464 0.057692307692307696
0 0.06490384615384616 0.7055288461538461 0.12740384615384615 0.04326923076923077
0 0.9435096153846154 0.6887019230769231 0.10817307692307693 0.07451923076923077
0 0.06129807692307692 0.6622596153846154 0.1201923076923077 0.06971153846153846
0 0.5276442307692307 0.6622596153846154 0.31971153846153844 0.07692307692307693
0 0.24879807692307693 0.6466346153846154 0.20192307692307693 0.057692307692307696
0 0.9483173076923077 0.6274038461538461 0.0985576923076923 0.04807692307692308
0 0.8473557692307693 0.9603365384615384 0.06009615384615385 0.07692307692307693
0 0.0673076923076923 0.6105769230769231 0.1346153846153846 0.08413461538461539
0 0.7463942307692307 0.6009615384615384 0.13942307692307693 0.04326923076923077
0 0.5120192307692307 0.5829326923076923 0.32211538461538464 0.07692307692307693
0 0.2920673076923077 0.5829326923076923 0.10096153846153846 0.03365384615384615
0 0.9627403846153846 0.5733173076923077 0.07211538461538461 0.08653846153846154
0 0.7632211538461539 0.5540865384615384 0.16826923076923078 0.0673076923076923
0 0.05889423076923077 0.5504807692307693 0.11538461538461539 0.036057692307692304
0 0.23798076923076922 0.5480769230769231 0.21153846153846154 0.038461538461538464
0 0.056490384615384616 0.5168269230769231 0.11057692307692307 0.038461538461538464
0 0.5180288461538461 0.5144230769230769 0.31971153846153844 0.06971153846153846
0 0.7668269230769231 0.4963942307692308 0.17067307692307693 0.0673076923076923
0 0.23317307692307693 0.49278846153846156 0.23557692307692307 0.07692307692307693
0 0.9591346153846154 0.49278846153846156 0.07692307692307693 0.09134615384615384
0 0.054086538461538464 0.48197115384615385 0.10576923076923077 0.038461538461538464
0 0.5300480769230769 0.4519230769230769 0.3125 0.07211538461538461
0 0.04927884615384615 0.44711538461538464 0.0985576923076923 0.038461538461538464
0 0.23798076923076922 0.4326923076923077 0.21153846153846154 0.04807692307692308
0 0.7788461538461539 0.4326923076923077 0.20192307692307693 0.06490384615384616
0 0.9411057692307693 0.9411057692307693 0.06971153846153846 0.11298076923076923
0 0.23317307692307693 0.4014423076923077 0.25961538461538464 0.08173076923076923
0 0.04326923076923077 0.3954326923076923 0.08653846153846154 0.03365384615384615
0 0.5456730769230769 0.3858173076923077 0.3485576923076923 0.0673076923076923
0 0.7992788461538461 0.38100961538461536 0.19471153846153846 0.040865384615384616
0 0.04447115384615385 0.3605769230769231 0.08653846153846154 0.04326923076923077
0 0.234375 0.3581730769230769 0.27403846153846156 0.06490384615384616
0 0.8221153846153846 0.3269230769230769 0.20673076923076922 0.038461538461538464
0 0.5492788461538461 0.296875 0.3245192307692308 0.07692307692307693
0 0.8377403846153846 0.27524038461538464 0.22115384615384615 0.0625
0 0.24519230769230768 0.27283653846153844 0.2860576923076923 0.10096153846153846
0 0.5661057692307693 0.23918269230769232 0.3269230769230769 0.0625
0 0.04927884615384615 0.21514423076923078 0.09615384615384616 0.04326923076923077
0 0.8557692307692307 0.21634615384615385 0.23557692307692307 0.05048076923076923
0 0.5805288461538461 0.1935096153846154 0.3389423076923077 0.0625
0 0.2512019230769231 0.1875 0.27884615384615385 0.06971153846153846
0 0.055288461538461536 0.16105769230769232 0.11057692307692307 0.04807692307692308