0 0.4338942307692308 0.890625 0.18269230769230768 0.055288461538461536
0 0.8305288461538461 0.10336538461538461 0.29086538461538464 0.20673076923076922
0 0.5048076923076923 0.12259615384615384 0.2932692307692308 0.0625
0 0.4855769230769231 0.17548076923076922 0.28365384615384615 0.07692307692307693
0 0.06490384615384616 0.18389423076923078 0.125 0.04807692307692308
0 0.9350961538461539 0.2439903846153846 0.12740384615384615 0.0625
0 0.07692307692307693 0.24519230769230768 0.15384615384615385 0.0673076923076923
0 0.46875 0.2536057692307692 0.32211538461538464 0.057692307692307696
0 0.9350961538461539 0.29447115384615385 0.12740384615384615 0.04326923076923077
0 0.055288461538461536 0.3125 0.11057692307692307 0.07211538461538461
0 0.9387019230769231 0.33774038461538464 0.1201923076923077 0.06971153846153846
0 0.4723557692307692 0.33774038461538464 0.31971153846153844 0.07692307692307693
0 0.7512019230769231 0.35336538461538464 0.20192307692307693 0.057692307692307696
0 0.05048076923076923 0.3737980769230769 0.10096153846153846 0.04567307692307692
0 0.15264423076923078 0.039663461538461536 0.06009615384615385 0.07692307692307693
0 0.9314903846153846 0.390625 0.13221153846153846 0.0889423076923077
0 0.2536057692307692 0.39903846153846156 0.13942307692307693 0.04326923076923077
0 0.4879807692307692 0.4170673076923077 0.32211538461538464 0.07692307692307693
0 0.7079326923076923 0.4170673076923077 0.10096153846153846 0.03365384615384615
0 0.037259615384615384 0.4266826923076923 0.07211538461538461 0.08653846153846154
0 0.23677884615384615 0.44591346153846156 0.16826923076923078 0.0673076923076923
0 0.9411057692307693 0.4495192307692308 0.11538461538461539 0.036057692307692304
0 0.7620192307692307 0.4519230769230769 0.21153846153846154 0.038461538461538464
0 0.9435096153846154 0.4831730769230769 0.11057692307692307 0.038461538461538464
0 0.48197115384615385 0.4855769230769231 0.31971153846153844 0.06971153846153846
0 0.23317307692307693 0.5036057692307693 0.17067307692307693 0.0673076923076923
0 0.7668269230769231 0.5072115384615384 0.23557692307692307 0.07692307692307693
0 0.039663461538461536 0.5084134615384616 0.07932692307692307 0.0889423076923077
0 0.9459134615384616 0.5180288461538461 0.10576923076923077 0.038461538461538464
0 0.4699519230769231 0.5480769230769231 0.3125 0.07211538461538461
0 0.9507211538461539 0.5528846153846154 0.09615384615384616 0.038461538461538464
0 0.7620192307692307 0.5673076923076923 0.21153846153846154 0.04807692307692308
0 0.22115384615384615 0.5673076923076923 0.20192307692307693 0.0625
0 0.06009615384615385 0.057692307692307696 0.0673076923076923 0.11538461538461539
0 0.7668269230769231 0.5985576923076923 0.25961538461538464 0.08173076923076923
0 0.9555288461538461 0.6045673076923077 0.08413461538461539 0.036057692307692304
0 0.4543269230769231 0.6141826923076923 0.3485576923076923 0.0673076923076923
0 0.20072115384615385 0.6189903846153846 0.19471153846153846 0.038461538461538464
0 0.9555288461538461 0.6394230769230769 0.08653846153846154 0.04326923076923077
0 0.765625 0.6418269230769231 0.27403846153846156 0.0625
0 0.1778846153846154 0.6730769230769231 0.20673076923076922 0.038461538461538464
0 0.45072115384615385 0.703125 0.3245192307692308 0.07692307692307693
0 0.1622596153846154 0.7247596153846154 0.22115384615384615 0.0625
0 0.7548076923076923 0.7271634615384616 0.28365384615384615 0.10096153846153846
0 0.4338942307692308 0.7608173076923077 0.3269230769230769 0.0625
0 0.9507211538461539 0.7848557692307693 0.09615384615384616 0.04326923076923077
0 0.14423076923076922 0.7836538461538461 0.23557692307692307 0.04807692307692308
0 0.41947115384615385 0.8064903846153846 0.3389423076923077 0.0625
0 0.7487980769230769 0.8125 0.27884615384615385 0.06971153846153846
0 0.9435096153846154 0.8401442307692307 0.10817307692307693 0.05048076923076923