0 0.8858173076923077 0.7800480769230769 0.22355769230769232 0.22355769230769232
0 0.6766826923076923 0.7920673076923077 0.23557692307692307 0.14423076923076922
0 0.10697115384615384 0.8725961538461539 0.08413461538461539 0.1201923076923077
0 0.2956730769230769 0.8846153846153846 0.19230769230769232 0.09615384615384616
0 0.7475961538461539 0.18509615384615385 0.27884615384615385 0.09134615384615384
0 0.29447115384615385 0.19951923076923078 0.22596153846153846 0.10576923076923077
0 0.49278846153846156 0.19951923076923078 0.2548076923076923 0.11057692307692307
0 0.6766826923076923 0.28966346153846156 0.19471153846153846 0.10576923076923077
0 0.8894230769230769 0.421875 0.21634615384615385 0.29086538461538464
0 0.7151442307692307 0.4230769230769231 0.24519230769230768 0.22596153846153846
0 0.11658653846153846 0.4375 0.21153846153846154 0.2644230769230769
0 0.2548076923076923 0.43990384615384615 0.15384615384615385 0.3317307692307692
0 0.3954326923076923 0.4411057692307692 0.16826923076923078 0.3125
0 0.515625 0.453125 0.19471153846153846 0.28846153846153844
0 0.4987980769230769 0.06009615384615385 0.24278846153846154 0.1201923076923077
0 0.18629807692307693 0.6971153846153846 0.1875 0.18269230769230768
0 0.3557692307692308 0.7199519230769231 0.1971153846153846 0.18028846153846154
0 0.5264423076923077 0.7283653846153846 0.20192307692307693 0.1875