0 0.11298076923076923 0.21995192307692307 0.22596153846153846 0.22115384615384615
0 0.3233173076923077 0.20793269230769232 0.23557692307692307 0.1466346153846154
0 0.8930288461538461 0.12740384615384615 0.08413461538461539 0.1201923076923077
0 0.7043269230769231 0.11538461538461539 0.19471153846153846 0.0985576923076923
0 0.25240384615384615 0.8149038461538461 0.27884615384615385 0.09134615384615384
0 0.7055288461538461 0.8004807692307693 0.22596153846153846 0.10576923076923077
0 0.5072115384615384 0.8004807692307693 0.2548076923076923 0.11057692307692307
0 0.3233173076923077 0.7103365384615384 0.19471153846153846 0.10576923076923077
0 0.11057692307692307 0.578125 0.21875 0.29086538461538464
0 0.2848557692307692 0.5769230769230769 0.24519230769230768 0.22596153846153846
0 0.8834134615384616 0.5625 0.21153846153846154 0.2644230769230769
0 0.7451923076923077 0.5600961538461539 0.15384615384615385 0.33413461538461536
0 0.6045673076923077 0.5588942307692307 0.16826923076923078 0.3125
0 0.484375 0.546875 0.19471153846153846 0.28846153846153844
0 0.5024038461538461 0.9387019230769231 0.24519230769230768 0.11778846153846154
0 0.8137019230769231 0.30288461538461536 0.1875 0.18269230769230768
0 0.6442307692307693 0.2800480769230769 0.19951923076923078 0.18028846153846154
0 0.4735576923076923 0.27163461538461536 0.20192307692307693 0.1875