0 0.21995192307692307 0.8858173076923077 0.22355769230769232 0.22355769230769232
0 0.20793269230769232 0.6766826923076923 0.14423076923076922 0.23557692307692307
0 0.12740384615384615 0.10697115384615384 0.1201923076923077 0.08413461538461539
0 0.11538461538461539 0.2956730769230769 0.09615384615384616 0.19230769230769232
0 0.8149038461538461 0.7475961538461539 0.09134615384615384 0.27884615384615385
0 0.8004807692307693 0.29447115384615385 0.10576923076923077 0.22596153846153846
0 0.8004807692307693 0.49278846153846156 0.11057692307692307 0.2548076923076923
0 0.7103365384615384 0.6766826923076923 0.10576923076923077 0.19471153846153846
0 0.578125 0.8894230769230769 0.29086538461538464 0.21634615384615385
0 0.5769230769230769 0.7151442307692307 0.22596153846153846 0.24519230769230768
0 0.5625 0.11658653846153846 0.2644230769230769 0.21153846153846154
0 0.5600961538461539 0.2548076923076923 0.3317307692307692 0.15384615384615385
0 0.5588942307692307 0.3954326923076923 0.3125 0.16826923076923078
0 0.546875 0.515625 0.28846153846153844 0.19471153846153846
0 0.9387019230769231 0.5 0.11778846153846154 0.24519230769230768
0 0.30288461538461536 0.18629807692307693 0.18269230769230768 0.1875
0 0.2800480769230769 0.3557692307692308 0.18028846153846154 0.1971153846153846
0 0.27163461538461536 0.5264423076923077 0.1875 0.20192307692307693