0 0.3016826923076923 0.9206730769230769 0.13701923076923078 0.15384615384615385
0 0.9098557692307693 0.9194711538461539 0.09375 0.15625
0 0.9747596153846154 0.9182692307692307 0.04567307692307692 0.15865384615384615
0 0.4170673076923077 0.1141826923076923 0.10576923076923077 0.09134615384615384
0 0.08774038461538461 0.1141826923076923 0.09134615384615384 0.08653846153846154
0 0.3173076923076923 0.11298076923076923 0.09615384615384616 0.08653846153846154
0 0.6382211538461539 0.11298076923076923 0.1201923076923077 0.08173076923076923
0 0.22596153846153846 0.11298076923076923 0.0889423076923077 0.08653846153846154
0 0.7331730769230769 0.11177884615384616 0.1201923076923077 0.0889423076923077
0 0.8545673076923077 0.11177884615384616 0.07692307692307693 0.08173076923076923
0 0.5252403846153846 0.10576923076923077 0.11538461538461539 0.07211538461538461
0 0.9387019230769231 0.1045673076923077 0.10336538461538461 0.0673076923076923
0 0.6850961538461539 0.8701923076923077 0.1201923076923077 0.057692307692307696
0 0.05048076923076923 0.8449519230769231 0.09615384615384616 0.07451923076923077
0 0.1814903846153846 0.8305288461538461 0.125 0.04567307692307692
0 0.30649038461538464 0.828125 0.12259615384615384 0.052884615384615384
0 0.5528846153846154 0.8257211538461539 0.1201923076923077 0.04807692307692308
0 0.4338942307692308 0.8245192307692307 0.11538461538461539 0.040865384615384616
0 0.7944711538461539 0.8185096153846154 0.10576923076923077 0.036057692307692304
0 0.6802884615384616 0.8185096153846154 0.11057692307692307 0.038461538461538464
0 0.06129807692307692 0.7211538461538461 0.10336538461538461 0.16346153846153846
0 0.3112980769230769 0.7019230769230769 0.10576923076923077 0.15144230769230768
0 0.19471153846153846 0.6995192307692307 0.10817307692307693 0.1875
0 0.6574519230769231 0.6947115384615384 0.1201923076923077 0.16105769230769232
0 0.9110576923076923 0.6947115384615384 0.11298076923076923 0.16826923076923078
0 0.4266826923076923 0.6935096153846154 0.125 0.17067307692307693
0 0.7752403846153846 0.6923076923076923 0.11778846153846154 0.15625
0 0.546875 0.6850961538461539 0.11538461538461539 0.16826923076923078
0 0.18509615384615385 0.5985576923076923 0.125 0.04326923076923077
0 0.3016826923076923 0.5961538461538461 0.10096153846153846 0.04326923076923077
0 0.6574519230769231 0.5913461538461539 0.0889423076923077 0.040865384615384616
0 0.7788461538461539 0.5901442307692307 0.10817307692307693 0.040865384615384616
0 0.5444711538461539 0.5877403846153846 0.1201923076923077 0.028846153846153848
0 0.9146634615384616 0.5853365384615384 0.11057692307692307 0.036057692307692304
0 0.6899038461538461 0.9507211538461539 0.125 0.09375
0 0.8052884615384616 0.9519230769230769 0.08653846153846154 0.09134615384615384
0 0.07211538461538461 0.49399038461538464 0.09134615384615384 0.14423076923076922
0 0.4723557692307692 0.49278846153846156 0.0985576923076923 0.14903846153846154
0 0.20673076923076922 0.49038461538461536 0.11778846153846154 0.15144230769230768
0 0.5745192307692307 0.48677884615384615 0.11057692307692307 0.16346153846153846
0 0.7788461538461539 0.4831730769230769 0.12259615384615384 0.14182692307692307
0 0.6730769230769231 0.47475961538461536 0.10096153846153846 0.14903846153846154
0 0.38100961538461536 0.47475961538461536 0.09615384615384616 0.15384615384615385
0 0.27884615384615385 0.4723557692307692 0.11538461538461539 0.15865384615384615
0 0.9495192307692307 0.4639423076923077 0.08653846153846154 0.13942307692307693
0 0.8762019230769231 0.4495192307692308 0.07211538461538461 0.11778846153846154
0 0.04567307692307692 0.9399038461538461 0.08653846153846154 0.11538461538461539
0 0.5576923076923077 0.9254807692307693 0.11538461538461539 0.14423076923076922
0 0.0829326923076923 0.25841346153846156 0.10096153846153846 0.19951923076923078
0 0.7283653846153846 0.25721153846153844 0.10576923076923077 0.2091346153846154
0 0.20192307692307693 0.25600961538461536 0.10576923076923077 0.20432692307692307
0 0.4387019230769231 0.9242788461538461 0.11298076923076923 0.1466346153846154
0 0.29927884615384615 0.25600961538461536 0.10336538461538461 0.1971153846153846
0 0.5276442307692307 0.2536057692307692 0.09615384615384616 0.1971153846153846
0 0.6237980769230769 0.2536057692307692 0.11057692307692307 0.19471153846153846
0 0.40384615384615385 0.25240384615384615 0.10576923076923077 0.19230769230769232
0 0.18028846153846154 0.9242788461538461 0.15144230769230768 0.14903846153846154
0 0.9266826923076923 0.24158653846153846 0.08173076923076923 0.14423076923076922
0 0.8701923076923077 0.2403846153846154 0.11057692307692307 0.11538461538461539