0 0.17548076923076922 0.8173076923076923 0.04807692307692308 0.13942307692307693
0 0.6213942307692307 0.8293269230769231 0.1971153846153846 0.19471153846153846
0 0.43990384615384615 0.8353365384615384 0.15144230769230768 0.1971153846153846
0 0.2247596153846154 0.8569711538461539 0.052884615384615384 0.14423076923076922
0 0.09975961538461539 0.21634615384615385 0.125 0.07211538461538461
0 0.23197115384615385 0.2608173076923077 0.08173076923076923 0.07692307692307693
0 0.15985576923076922 0.3088942307692308 0.0625 0.14903846153846154
0 0.11658653846153846 0.3137019230769231 0.04326923076923077 0.1201923076923077
0 0.3233173076923077 0.3137019230769231 0.10096153846153846 0.22355769230769232
0 0.08413461538461539 0.3173076923076923 0.038461538461538464 0.11538461538461539
0 0.21514423076923078 0.3473557692307692 0.1346153846153846 0.12259615384615384
0 0.41466346153846156 0.4110576923076923 0.15865384615384615 0.3173076923076923
0 0.5793269230769231 0.4206730769230769 0.1875 0.36778846153846156
0 0.8137019230769231 0.44711538461538464 0.3125 0.5192307692307693
0 0.037259615384615384 0.5192307692307693 0.04807692307692308 0.13701923076923078
0 0.0829326923076923 0.5528846153846154 0.0673076923076923 0.1778846153846154
0 0.14302884615384615 0.5877403846153846 0.07211538461538461 0.16346153846153846
0 0.23798076923076922 0.5961538461538461 0.052884615384615384 0.125
0 0.038461538461538464 0.6778846153846154 0.07451923076923077 0.1658653846153846
0 0.2776442307692308 0.6947115384615384 0.06009615384615385 0.18028846153846154
0 0.21033653846153846 0.6971153846153846 0.0673076923076923 0.07932692307692307
0 0.34615384615384615 0.7295673076923077 0.0889423076923077 0.23557692307692307
0 0.10216346153846154 0.75 0.04807692307692308 0.125