0 0.8245192307692307 0.18269230769230768 0.04807692307692308 0.13942307692307693
0 0.3786057692307692 0.17067307692307693 0.1971153846153846 0.19471153846153846
0 0.5600961538461539 0.16466346153846154 0.15144230769230768 0.1971153846153846
0 0.7752403846153846 0.14302884615384615 0.052884615384615384 0.14423076923076922
0 0.9002403846153846 0.7836538461538461 0.125 0.07211538461538461
0 0.7680288461538461 0.7391826923076923 0.08173076923076923 0.07692307692307693
0 0.8401442307692307 0.6911057692307693 0.0625 0.14903846153846154
0 0.8834134615384616 0.6862980769230769 0.04326923076923077 0.1201923076923077
0 0.6766826923076923 0.6862980769230769 0.10096153846153846 0.22355769230769232
0 0.9158653846153846 0.6826923076923077 0.038461538461538464 0.11538461538461539
0 0.7848557692307693 0.6526442307692307 0.1346153846153846 0.12259615384615384
0 0.5853365384615384 0.5889423076923077 0.15865384615384615 0.3173076923076923
0 0.4206730769230769 0.5793269230769231 0.1875 0.36778846153846156
0 0.18629807692307693 0.5528846153846154 0.3125 0.5192307692307693
0 0.9627403846153846 0.4807692307692308 0.04807692307692308 0.13701923076923078
0 0.9170673076923077 0.44711538461538464 0.0673076923076923 0.1778846153846154
0 0.8569711538461539 0.41225961538461536 0.07211538461538461 0.16346153846153846
0 0.7620192307692307 0.40384615384615385 0.052884615384615384 0.125
0 0.9615384615384616 0.32211538461538464 0.07451923076923077 0.1658653846153846
0 0.7223557692307693 0.30528846153846156 0.06009615384615385 0.18028846153846154
0 0.7896634615384616 0.30288461538461536 0.0673076923076923 0.07932692307692307
0 0.6538461538461539 0.2704326923076923 0.0889423076923077 0.23557692307692307
0 0.8978365384615384 0.25 0.04807692307692308 0.125