0 0.078125 0.3004807692307692 0.15625 0.1346153846153846
0 0.07932692307692307 0.9086538461538461 0.15865384615384615 0.09134615384615384
0 0.08173076923076923 0.9747596153846154 0.16346153846153846 0.04567307692307692
0 0.8858173076923077 0.4170673076923077 0.09134615384615384 0.10576923076923077
0 0.8858173076923077 0.08774038461538461 0.08653846153846154 0.09134615384615384
0 0.8870192307692307 0.3173076923076923 0.08653846153846154 0.09615384615384616
0 0.8870192307692307 0.6382211538461539 0.08173076923076923 0.11778846153846154
0 0.8870192307692307 0.22596153846153846 0.08653846153846154 0.0889423076923077
0 0.8882211538461539 0.7331730769230769 0.08653846153846154 0.11778846153846154
0 0.8882211538461539 0.8545673076923077 0.08173076923076923 0.07692307692307693
0 0.8942307692307693 0.5252403846153846 0.07211538461538461 0.11538461538461539
0 0.8954326923076923 0.9387019230769231 0.0673076923076923 0.10336538461538461
0 0.12980769230769232 0.6850961538461539 0.057692307692307696 0.1201923076923077
0 0.15504807692307693 0.05048076923076923 0.07451923076923077 0.09615384615384616
0 0.16947115384615385 0.1814903846153846 0.04567307692307692 0.125
0 0.171875 0.30649038461538464 0.052884615384615384 0.12259615384615384
0 0.17427884615384615 0.5528846153846154 0.04807692307692308 0.1201923076923077
0 0.17548076923076922 0.4338942307692308 0.040865384615384616 0.11538461538461539
0 0.1814903846153846 0.7944711538461539 0.036057692307692304 0.10336538461538461
0 0.1814903846153846 0.6802884615384616 0.038461538461538464 0.11298076923076923
0 0.27884615384615385 0.06129807692307692 0.16346153846153846 0.10096153846153846
0 0.2980769230769231 0.3112980769230769 0.15144230769230768 0.10576923076923077
0 0.3004807692307692 0.19471153846153846 0.1875 0.10817307692307693
0 0.30528846153846156 0.6574519230769231 0.16105769230769232 0.1201923076923077
0 0.30528846153846156 0.9110576923076923 0.16826923076923078 0.11298076923076923
0 0.30649038461538464 0.4266826923076923 0.17067307692307693 0.125
0 0.3076923076923077 0.7752403846153846 0.15625 0.11778846153846154
0 0.31490384615384615 0.546875 0.16826923076923078 0.11538461538461539
0 0.4014423076923077 0.18509615384615385 0.04326923076923077 0.125
0 0.40384615384615385 0.3016826923076923 0.04326923076923077 0.10096153846153846
0 0.40865384615384615 0.6574519230769231 0.040865384615384616 0.0889423076923077
0 0.4098557692307692 0.7788461538461539 0.040865384615384616 0.10817307692307693
0 0.41225961538461536 0.5444711538461539 0.028846153846153848 0.1201923076923077
0 0.41466346153846156 0.9146634615384616 0.036057692307692304 0.11057692307692307
0 0.04807692307692308 0.6887019230769231 0.09615384615384616 0.12259615384615384
0 0.04807692307692308 0.8052884615384616 0.09134615384615384 0.08653846153846154
0 0.5060096153846154 0.07211538461538461 0.14423076923076922 0.09134615384615384
0 0.5072115384615384 0.4723557692307692 0.14903846153846154 0.0985576923076923
0 0.5096153846153846 0.20673076923076922 0.15144230769230768 0.11778846153846154
0 0.5132211538461539 0.5745192307692307 0.16346153846153846 0.11057692307692307
0 0.5168269230769231 0.7788461538461539 0.14182692307692307 0.12259615384615384
0 0.5252403846153846 0.6730769230769231 0.14903846153846154 0.10096153846153846
0 0.5252403846153846 0.38100961538461536 0.15384615384615385 0.09615384615384616
0 0.5276442307692307 0.27884615384615385 0.15865384615384615 0.11538461538461539
0 0.5360576923076923 0.9495192307692307 0.13942307692307693 0.08653846153846154
0 0.5504807692307693 0.8762019230769231 0.11778846153846154 0.07211538461538461
0 0.05889423076923077 0.04447115384615385 0.11778846153846154 0.08413461538461539
0 0.0733173076923077 0.5576923076923077 0.1466346153846154 0.11298076923076923
0 0.7415865384615384 0.0829326923076923 0.19951923076923078 0.10096153846153846
0 0.7427884615384616 0.7283653846153846 0.20673076923076922 0.10576923076923077
0 0.7439903846153846 0.20192307692307693 0.20192307692307693 0.10576923076923077
0 0.07451923076923077 0.4375 0.14903846153846154 0.11057692307692307
0 0.7439903846153846 0.29927884615384615 0.1971153846153846 0.10336538461538461
0 0.7463942307692307 0.5276442307692307 0.1971153846153846 0.09615384615384616
0 0.7463942307692307 0.6237980769230769 0.19471153846153846 0.11057692307692307
0 0.7475961538461539 0.40384615384615385 0.19230769230769232 0.10576923076923077
0 0.07572115384615384 0.18028846153846154 0.14903846153846154 0.14903846153846154
0 0.7584134615384616 0.9266826923076923 0.14423076923076922 0.08173076923076923
0 0.7596153846153846 0.8701923076923077 0.11538461538461539 0.11057692307692307