1 0.9038461538461539 0.21875 0.19110576923076922 0.22716346153846154
1 0.12620192307692307 0.22115384615384615 0.25240384615384615 0.22596153846153846
1 0.6850961538461539 0.22596153846153846 0.32572115384615385 0.2127403846153846
1 0.39302884615384615 0.22956730769230768 0.31971153846153844 0.20432692307692307
1 0.3942307692307692 0.3786057692307692 0.30288461538461536 0.21394230769230768
1 0.1502403846153846 0.3918269230769231 0.3004807692307692 0.21634615384615385
1 0.8846153846153846 0.3954326923076923 0.22596153846153846 0.2283653846153846
1 0.6634615384615384 0.3954326923076923 0.27163461538461536 0.20192307692307693
1 0.6466346153846154 0.5432692307692307 0.23197115384615385 0.22716346153846154
1 0.41586538461538464 0.5432692307692307 0.3269230769230769 0.17908653846153846
1 0.8774038461538461 0.546875 0.2403846153846154 0.19951923076923078
1 0.1622596153846154 0.5540865384615384 0.3016826923076923 0.19951923076923078
1 0.8653846153846154 0.6778846153846154 0.23677884615384615 0.17307692307692307
1 0.6526442307692307 0.6802884615384616 0.26322115384615385 0.15144230769230768
1 0.17548076923076922 0.6875 0.25 0.25721153846153844
1 0.421875 0.7055288461538461 0.28846153846153844 0.1778846153846154
1 0.7055288461538461 0.07692307692307693 0.3317307692307692 0.15384615384615385
1 0.9615384615384616 0.7692307692307693 0.07451923076923077 0.14182692307692307
1 0.9206730769230769 0.07932692307692307 0.15625 0.15865384615384615
1 0.6550480769230769 0.7944711538461539 0.27283653846153844 0.15504807692307693
1 0.8377403846153846 0.7992788461538461 0.234375 0.17668269230769232
1 0.4098557692307692 0.8004807692307693 0.23798076923076922 0.15985576923076922
1 0.19230769230769232 0.8016826923076923 0.25721153846153844 0.16105769230769232
1 0.1310096153846154 0.09254807692307693 0.25600961538461536 0.18389423076923078
1 0.38461538461538464 0.10697115384615384 0.3473557692307692 0.21394230769230768