1 0.4266826923076923 0.33653846153846156 0.09254807692307693 0.11658653846153846
1 0.1502403846153846 0.3401442307692308 0.09975961538461539 0.0985576923076923
1 0.6225961538461539 0.36899038461538464 0.09134615384615384 0.07692307692307693
1 0.8377403846153846 0.3858173076923077 0.11899038461538461 0.13341346153846154
1 0.3317307692307692 0.43149038461538464 0.1045673076923077 0.11177884615384616
1 0.05889423076923077 0.48677884615384615 0.09735576923076923 0.11778846153846154
1 0.5048076923076923 0.49278846153846156 0.09735576923076923 0.07692307692307693
1 0.953125 0.5300480769230769 0.09254807692307693 0.15625
1 0.7415865384615384 0.59375 0.10817307692307693 0.06850961538461539
1 0.24759615384615385 0.6069711538461539 0.17067307692307693 0.09375
1 0.3088942307692308 0.10096153846153846 0.08533653846153846 0.09975961538461539
1 0.5564903846153846 0.10336538461538461 0.09495192307692307 0.11177884615384616
1 0.8677884615384616 0.14302884615384615 0.09254807692307693 0.10817307692307693
1 0.4495192307692308 0.16346153846153846 0.09975961538461539 0.057692307692307696
1 0.13341346153846154 0.1935096153846154 0.09254807692307693 0.11057692307692307
1 0.6935096153846154 0.1971153846153846 0.10096153846153846 0.10817307692307693
1 0.2860576923076923 0.3004807692307692 0.09254807692307693 0.11177884615384616