1 0.15625 0.15144230769230768 0.14182692307692307 0.09735576923076923
1 0.7175480769230769 0.15144230769230768 0.140625 0.10336538461538461
1 0.2608173076923077 0.1778846153846154 0.13701923076923078 0.08173076923076923
1 0.9122596153846154 0.1814903846153846 0.15504807692307693 0.1141826923076923
1 0.5637019230769231 0.1875 0.12740384615384615 0.11057692307692307
1 0.4254807692307692 0.19831730769230768 0.15504807692307693 0.17668269230769232
1 0.28846153846153844 0.20192307692307693 0.13822115384615385 0.09014423076923077
1 0.06370192307692307 0.21514423076923078 0.12620192307692307 0.09495192307692307
1 0.2764423076923077 0.2512019230769231 0.13221153846153846 0.07451923076923077
1 0.7007211538461539 0.030048076923076924 0.11778846153846154 0.06009615384615385
1 0.2956730769230769 0.30288461538461536 0.1658653846153846 0.0985576923076923
1 0.0829326923076923 0.31490384615384615 0.15384615384615385 0.12259615384615384
1 0.5348557692307693 0.31971153846153844 0.15865384615384615 0.15264423076923078
1 0.23076923076923078 0.3545673076923077 0.16947115384615385 0.15384615384615385
1 0.48677884615384615 0.036057692307692304 0.11899038461538461 0.052884615384615384
1 0.9603365384615384 0.3762019230769231 0.07451923076923077 0.12740384615384615
1 0.7896634615384616 0.4206730769230769 0.21634615384615385 0.19110576923076922
1 0.49759615384615385 0.43028846153846156 0.22115384615384615 0.14903846153846154
1 0.9086538461538461 0.47475961538461536 0.171875 0.14182692307692307
1 0.0733173076923077 0.4795673076923077 0.1466346153846154 0.15144230769230768
1 0.2091346153846154 0.5348557692307693 0.22115384615384615 0.203125
1 0.4723557692307692 0.5612980769230769 0.21995192307692307 0.16706730769230768
1 0.04567307692307692 0.6129807692307693 0.09134615384615384 0.09615384615384616
1 0.6983173076923077 0.6478365384615384 0.21394230769230768 0.203125
1 0.484375 0.7055288461538461 0.18870192307692307 0.16706730769230768
1 0.039663461538461536 0.7127403846153846 0.07932692307692307 0.19110576923076922
1 0.4074519230769231 0.07451923076923077 0.11899038461538461 0.09975961538461539
1 0.48197115384615385 0.07451923076923077 0.1201923076923077 0.06129807692307692
1 0.09375 0.78125 0.18028846153846154 0.15384615384615385
1 0.6382211538461539 0.8569711538461539 0.2860576923076923 0.28125
1 0.6069711538461539 0.08653846153846154 0.12139423076923077 0.11778846153846154
1 0.9519230769230769 0.8629807692307693 0.09375 0.22956730769230768
1 0.6033653846153846 0.09134615384615384 0.12980769230769232 0.0985576923076923
1 0.9459134615384616 0.10216346153846154 0.10576923076923077 0.10697115384615384