1 0.8677884615384616 0.1622596153846154 0.23076923076923078 0.3245192307692308
1 0.6213942307692307 0.17668269230769232 0.33052884615384615 0.35216346153846156
1 0.10697115384615384 0.18629807692307693 0.2091346153846154 0.37259615384615385
1 0.3425480769230769 0.19951923076923078 0.3485576923076923 0.39903846153846156
1 0.46634615384615385 0.3701923076923077 0.31009615384615385 0.40625
1 0.7223557692307693 0.3762019230769231 0.28365384615384615 0.39783653846153844
1 0.9194711538461539 0.40384615384615385 0.15865384615384615 0.4411057692307692
1 0.234375 0.4266826923076923 0.3269230769230769 0.38221153846153844
1 0.7992788461538461 0.6358173076923077 0.2127403846153846 0.3605769230769231
1 0.8100961538461539 0.6382211538461539 0.25841346153846156 0.26802884615384615
1 0.5829326923076923 0.6430288461538461 0.29086538461538464 0.26802884615384615
1 0.1346153846153846 0.6478365384615384 0.26322115384615385 0.2824519230769231
1 0.9471153846153846 0.6526442307692307 0.10336538461538461 0.24879807692307693
1 0.45913461538461536 0.8461538461538461 0.24158653846153846 0.2704326923076923
1 0.6850961538461539 0.8641826923076923 0.24158653846153846 0.26802884615384615
1 0.171875 0.9471153846153846 0.21875 0.10336538461538461
1 0.9194711538461539 0.953125 0.15865384615384615 0.09134615384615384
1 0.36177884615384615 0.9543269230769231 0.28365384615384615 0.0889423076923077
1 0.5600961538461539 0.9579326923076923 0.2824519230769231 0.08052884615384616