1 0.9014423076923077 0.25 0.052884615384615384 0.04447115384615385
1 0.4387019230769231 0.25841346153846156 0.0673076923076923 0.052884615384615384
1 0.3713942307692308 0.265625 0.07692307692307693 0.051682692307692304
1 0.7487980769230769 0.2704326923076923 0.06009615384615385 0.051682692307692304
1 0.5228365384615384 0.27283653846153844 0.054086538461538464 0.04326923076923077
1 0.8533653846153846 0.27283653846153844 0.052884615384615384 0.037259615384615384
1 0.8545673076923077 0.27403846153846156 0.06490384615384616 0.046875
1 0.5120192307692307 0.027644230769230768 0.038461538461538464 0.036057692307692304
1 0.96875 0.2860576923076923 0.06009615384615385 0.0625
1 0.7079326923076923 0.28725961538461536 0.06610576923076923 0.06129807692307692
1 0.23798076923076922 0.28846153846153844 0.057692307692307696 0.06490384615384616
1 0.38221153846153844 0.28966346153846156 0.054086538461538464 0.04326923076923077
1 0.203125 0.296875 0.06850961538461539 0.052884615384615384
1 0.10697115384615384 0.3016826923076923 0.06370192307692307 0.078125
1 0.34375 0.30408653846153844 0.07091346153846154 0.052884615384615384
1 0.7019230769230769 0.30649038461538464 0.06129807692307692 0.04567307692307692
1 0.6153846153846154 0.30649038461538464 0.055288461538461536 0.046875
1 0.47596153846153844 0.3088942307692308 0.056490384615384616 0.04447115384615385
1 0.8221153846153846 0.3088942307692308 0.0733173076923077 0.054086538461538464
1 0.046875 0.3112980769230769 0.06610576923076923 0.0625
1 0.5637019230769231 0.31490384615384615 0.057692307692307696 0.051682692307692304
1 0.7596153846153846 0.31490384615384615 0.07091346153846154 0.05889423076923077
1 0.6538461538461539 0.31850961538461536 0.0733173076923077 0.06009615384615385
1 0.9254807692307693 0.3233173076923077 0.06129807692307692 0.046875
1 0.2668269230769231 0.3269230769230769 0.055288461538461536 0.04807692307692308
1 0.46153846153846156 0.3449519230769231 0.0673076923076923 0.05889423076923077
1 0.8425480769230769 0.34975961538461536 0.052884615384615384 0.04567307692307692
1 0.40384615384615385 0.35096153846153844 0.06610576923076923 0.046875
1 0.3016826923076923 0.35216346153846156 0.0673076923076923 0.051682692307692304
1 0.037259615384615384 0.3605769230769231 0.06610576923076923 0.052884615384615384
1 0.6069711538461539 0.3605769230769231 0.06370192307692307 0.055288461538461536
1 0.17307692307692307 0.3629807692307692 0.05889423076923077 0.06129807692307692
1 0.7896634615384616 0.36899038461538464 0.06850961538461539 0.04326923076923077
1 0.5673076923076923 0.3762019230769231 0.06009615384615385 0.054086538461538464
1 0.7259615384615384 0.3798076923076923 0.0733173076923077 0.04567307692307692
1 0.46875 0.390625 0.06971153846153846 0.052884615384615384
1 0.26322115384615385 0.3918269230769231 0.06610576923076923 0.05889423076923077
1 0.5132211538461539 0.3918269230769231 0.06009615384615385 0.054086538461538464
1 0.3762019230769231 0.040865384615384616 0.052884615384615384 0.036057692307692304
1 0.45072115384615385 0.040865384615384616 0.04567307692307692 0.038461538461538464
1 0.37259615384615385 0.40024038461538464 0.0733173076923077 0.051682692307692304
1 0.7415865384615384 0.40384615384615385 0.06370192307692307 0.051682692307692304
1 0.11658653846153846 0.40625 0.057692307692307696 0.06490384615384616
1 0.5985576923076923 0.4110576923076923 0.056490384615384616 0.042067307692307696
1 0.6646634615384616 0.41586538461538464 0.06610576923076923 0.05048076923076923
1 0.2127403846153846 0.42427884615384615 0.06971153846153846 0.04807692307692308
1 0.31850961538461536 0.42427884615384615 0.078125 0.08173076923076923
1 0.4230769230769231 0.04326923076923077 0.04807692307692308 0.04567307692307692
1 0.8978365384615384 0.4254807692307692 0.06370192307692307 0.04807692307692308
1 0.8125 0.4266826923076923 0.06370192307692307 0.04807692307692308
1 0.5552884615384616 0.43149038461538464 0.06971153846153846 0.046875
1 0.4050480769230769 0.43509615384615385 0.0625 0.04807692307692308
1 0.7956730769230769 0.4411057692307692 0.06370192307692307 0.056490384615384616
1 0.4639423076923077 0.44350961538461536 0.07211538461538461 0.06610576923076923
1 0.9627403846153846 0.45552884615384615 0.06971153846153846 0.08413461538461539
1 0.7115384615384616 0.4579326923076923 0.0733173076923077 0.06610576923076923
1 0.8413461538461539 0.46634615384615385 0.0829326923076923 0.05889423076923077
1 0.9026442307692307 0.46875 0.08653846153846154 0.0625
1 0.5925480769230769 0.47716346153846156 0.08774038461538461 0.054086538461538464
1 0.24879807692307693 0.47836538461538464 0.07091346153846154 0.06009615384615385
1 0.036057692307692304 0.4879807692307692 0.06490384615384616 0.056490384615384616
1 0.765625 0.49759615384615385 0.06971153846153846 0.055288461538461536
1 0.42908653846153844 0.49759615384615385 0.08052884615384616 0.07091346153846154
1 0.15745192307692307 0.5072115384615384 0.07451923076923077 0.05048076923076923
1 0.5637019230769231 0.5084134615384616 0.0673076923076923 0.038461538461538464
1 0.8173076923076923 0.5084134615384616 0.0673076923076923 0.06370192307692307
1 0.3317307692307692 0.5192307692307693 0.07451923076923077 0.054086538461538464
1 0.7127403846153846 0.5204326923076923 0.06850961538461539 0.04326923076923077
1 0.46634615384615385 0.052884615384615384 0.037259615384615384 0.04567307692307692
1 0.5288461538461539 0.546875 0.08173076923076923 0.06971153846153846
1 0.9567307692307693 0.5516826923076923 0.08173076923076923 0.07451923076923077
1 0.038461538461538464 0.5552884615384616 0.0673076923076923 0.08052884615384616
1 0.11057692307692307 0.5697115384615384 0.08173076923076923 0.10096153846153846
1 0.24278846153846154 0.5757211538461539 0.08653846153846154 0.0733173076923077
1 0.7992788461538461 0.59375 0.08173076923076923 0.06009615384615385
1 0.5228365384615384 0.06129807692307692 0.05048076923076923 0.04567307692307692
1 0.6021634615384616 0.06129807692307692 0.056490384615384616 0.040865384615384616
1 0.3076923076923077 0.609375 0.0673076923076923 0.0733173076923077
1 0.25841346153846156 0.6274038461538461 0.078125 0.07091346153846154
1 0.39903846153846156 0.6286057692307693 0.10576923076923077 0.07091346153846154
1 0.9555288461538461 0.6322115384615384 0.08653846153846154 0.09014423076923077
1 0.65625 0.6394230769230769 0.07932692307692307 0.07211538461538461
1 0.03245192307692308 0.6394230769230769 0.06370192307692307 0.07091346153846154
1 0.5 0.6442307692307693 0.07451923076923077 0.06009615384615385
1 0.1466346153846154 0.6526442307692307 0.08653846153846154 0.0829326923076923
1 0.38221153846153844 0.6682692307692307 0.09375 0.07211538461538461
1 0.17668269230769232 0.6742788461538461 0.0733173076923077 0.0733173076923077
1 0.3641826923076923 0.6838942307692307 0.08052884615384616 0.06370192307692307
1 0.23317307692307693 0.6911057692307693 0.0829326923076923 0.08653846153846154
1 0.734375 0.6923076923076923 0.09014423076923077 0.06850961538461539
1 0.17427884615384615 0.7127403846153846 0.10096153846153846 0.07692307692307693
1 0.2956730769230769 0.7211538461538461 0.09375 0.078125
1 0.4519230769230769 0.7259615384615384 0.11778846153846154 0.10096153846153846
1 0.6081730769230769 0.7319711538461539 0.09375 0.10576923076923077
1 0.953125 0.7463942307692307 0.08653846153846154 0.0625
1 0.8485576923076923 0.7596153846153846 0.08173076923076923 0.056490384615384616
1 0.037259615384615384 0.7716346153846154 0.07091346153846154 0.078125
1 0.7463942307692307 0.7716346153846154 0.08173076923076923 0.06370192307692307
1 0.08413461538461539 0.7800480769230769 0.08533653846153846 0.109375
1 0.9471153846153846 0.7884615384615384 0.09014423076923077 0.056490384615384616
1 0.5588942307692307 0.7932692307692307 0.10216346153846154 0.0829326923076923
1 0.3641826923076923 0.8112980769230769 0.09495192307692307 0.08653846153846154
1 0.36658653846153844 0.08413461538461539 0.0625 0.051682692307692304
1 0.4699519230769231 0.8353365384615384 0.09735576923076923 0.08173076923076923
1 0.8641826923076923 0.8377403846153846 0.09495192307692307 0.07211538461538461
1 0.7379807692307693 0.09014423076923077 0.05889423076923077 0.051682692307692304
1 0.9411057692307693 0.9026442307692307 0.09735576923076923 0.0829326923076923
1 0.6153846153846154 0.09735576923076923 0.040865384615384616 0.042067307692307696
1 0.953125 0.09735576923076923 0.046875 0.03485576923076923
1 0.13701923076923078 0.1045673076923077 0.04447115384615385 0.046875
1 0.78125 0.10576923076923077 0.051682692307692304 0.051682692307692304
1 0.5913461538461539 0.11177884615384616 0.05048076923076923 0.04567307692307692
1 0.5168269230769231 0.12259615384615384 0.052884615384615384 0.03485576923076923
1 0.734375 0.12860576923076922 0.06129807692307692 0.051682692307692304
1 0.9278846153846154 0.13581730769230768 0.057692307692307696 0.05048076923076923
1 0.25 0.13701923076923078 0.06971153846153846 0.06129807692307692
1 0.15865384615384615 0.140625 0.04567307692307692 0.052884615384615384
1 0.8557692307692307 0.14302884615384615 0.0733173076923077 0.055288461538461536
1 0.028846153846153848 0.14543269230769232 0.056490384615384616 0.04447115384615385
1 0.39783653846153844 0.016826923076923076 0.04927884615384615 0.03365384615384615
1 0.6538461538461539 0.15264423076923078 0.056490384615384616 0.04326923076923077
1 0.07091346153846154 0.15384615384615385 0.055288461538461536 0.056490384615384616
1 0.12620192307692307 0.15985576923076922 0.04807692307692308 0.0625
1 0.9759615384615384 0.1622596153846154 0.04447115384615385 0.04447115384615385
1 0.4423076923076923 0.16706730769230768 0.051682692307692304 0.037259615384615384
1 0.7548076923076923 0.16947115384615385 0.056490384615384616 0.052884615384615384
1 0.5829326923076923 0.18509615384615385 0.055288461538461536 0.06490384615384616
1 0.2920673076923077 0.18629807692307693 0.0625 0.042067307692307696
1 0.6887019230769231 0.18629807692307693 0.046875 0.040865384615384616
1 0.5528846153846154 0.18990384615384615 0.052884615384615384 0.038461538461538464
1 0.6550480769230769 0.19230769230769232 0.056490384615384616 0.037259615384615384
1 0.11658653846153846 0.20072115384615385 0.056490384615384616 0.06850961538461539
1 0.026442307692307692 0.2127403846153846 0.05048076923076923 0.05889423076923077
1 0.42908653846153844 0.2127403846153846 0.06370192307692307 0.046875
1 0.26802884615384615 0.21634615384615385 0.06009615384615385 0.05048076923076923
1 0.47475961538461536 0.21875 0.056490384615384616 0.04567307692307692
1 0.6610576923076923 0.21995192307692307 0.0625 0.042067307692307696
1 0.3137019230769231 0.21995192307692307 0.056490384615384616 0.037259615384615384
1 0.9723557692307693 0.22355769230769232 0.051682692307692304 0.057692307692307696
1 0.8810096153846154 0.2283653846153846 0.046875 0.037259615384615384
1 0.18028846153846154 0.23076923076923078 0.0625 0.04807692307692308
1 0.7307692307692307 0.23076923076923078 0.052884615384615384 0.04567307692307692
1 0.6153846153846154 0.234375 0.051682692307692304 0.05048076923076923
1 0.7752403846153846 0.2439903846153846 0.04927884615384615 0.04807692307692308
1 0.10817307692307693 0.2439903846153846 0.06129807692307692 0.05048076923076923
1 0.3389423076923077 0.24639423076923078 0.04927884615384615 0.04447115384615385
1 0.15625 0.24759615384615385 0.06009615384615385 0.04326923076923077
1 0.8317307692307693 0.24879807692307693 0.05889423076923077 0.04567307692307692