1 0.6346153846153846 0.35216346153846156 0.25240384615384615 0.29927884615384615
1 0.23798076923076922 0.4026442307692308 0.2980769230769231 0.234375
1 0.8173076923076923 0.5096153846153846 0.328125 0.29447115384615385
1 0.1201923076923077 0.5949519230769231 0.2283653846153846 0.5036057692307693
1 0.24759615384615385 0.671875 0.3389423076923077 0.3786057692307692
1 0.8497596153846154 0.7379807692307693 0.2956730769230769 0.3125
1 0.8954326923076923 0.07692307692307693 0.17548076923076922 0.15384615384615385
1 0.4375 0.8149038461538461 0.40024038461538464 0.33413461538461536
1 0.65625 0.9290865384615384 0.36538461538461536 0.13701923076923078
1 0.16346153846153846 0.9302884615384616 0.3233173076923077 0.13341346153846154
1 0.6538461538461539 0.10576923076923077 0.24639423076923078 0.21033653846153846
1 0.6129807692307693 0.17067307692307693 0.27403846153846156 0.22115384615384615
1 0.140625 0.1875 0.28125 0.19831730769230768
1 0.7932692307692307 0.18990384615384615 0.15625 0.21394230769230768
1 0.7944711538461539 0.20673076923076922 0.23798076923076922 0.30288461538461536
1 0.43509615384615385 0.27884615384615385 0.2824519230769231 0.2548076923076923