1 0.27524038461538464 0.3016826923076923 0.18509615384615385 0.15264423076923078
1 0.7512019230769231 0.03485576923076923 0.14783653846153846 0.06850961538461539
1 0.5865384615384616 0.3293269230769231 0.24639423076923078 0.24278846153846154
1 0.47836538461538464 0.3870192307692308 0.19951923076923078 0.17427884615384615
1 0.109375 0.4026442307692308 0.21514423076923078 0.25600961538461536
1 0.41586538461538464 0.04447115384615385 0.16346153846153846 0.0889423076923077
1 0.3269230769230769 0.4362980769230769 0.1935096153846154 0.18028846153846154
1 0.2548076923076923 0.04807692307692308 0.14423076923076922 0.09615384615384616
1 0.19471153846153846 0.5697115384615384 0.15985576923076922 0.19110576923076922
1 0.8798076923076923 0.06370192307692307 0.13822115384615385 0.12740384615384615
1 0.08533653846153846 0.6346153846153846 0.17067307692307693 0.3269230769230769
1 0.49278846153846156 0.06610576923076923 0.1466346153846154 0.13221153846153846
1 0.3004807692307692 0.6634615384615384 0.2127403846153846 0.2620192307692308
1 0.16466346153846154 0.7427884615384616 0.19471153846153846 0.23918269230769232
1 0.0829326923076923 0.8641826923076923 0.1658653846153846 0.2668269230769231
1 0.7872596153846154 0.0889423076923077 0.13822115384615385 0.14543269230769232
1 0.6610576923076923 0.1201923076923077 0.14903846153846154 0.171875
1 0.5829326923076923 0.12860576923076922 0.12740384615384615 0.15745192307692307
1 0.1935096153846154 0.13341346153846154 0.18269230769230768 0.1045673076923077
1 0.3858173076923077 0.14783653846153846 0.13942307692307693 0.12379807692307693
1 0.5084134615384616 0.16466346153846154 0.15625 0.11658653846153846
1 0.07211538461538461 0.1814903846153846 0.13341346153846154 0.12860576923076922
1 0.2091346153846154 0.2247596153846154 0.18870192307692307 0.15865384615384615
1 0.7716346153846154 0.2283653846153846 0.17307692307692307 0.1778846153846154
1 0.6213942307692307 0.025240384615384616 0.14423076923076922 0.05048076923076923
1 0.07451923076923077 0.2512019230769231 0.14903846153846154 0.12379807692307693
1 0.41586538461538464 0.2548076923076923 0.17427884615384615 0.15625