1 0.3233173076923077 0.38100961538461536 0.27163461538461536 0.3269230769230769
1 0.8966346153846154 0.41225961538461536 0.20552884615384615 0.3701923076923077
1 0.7139423076923077 0.47115384615384615 0.27283653846153844 0.34134615384615385
1 0.07211538461538461 0.48197115384615385 0.140625 0.4026442307692308
1 0.9362980769230769 0.5456730769230769 0.12379807692307693 0.33413461538461536
1 0.12980769230769232 0.05889423076923077 0.25961538461538464 0.11778846153846154
1 0.3329326923076923 0.6358173076923077 0.2283653846153846 0.3485576923076923
1 0.17668269230769232 0.6370192307692307 0.2860576923076923 0.3713942307692308
1 0.7836538461538461 0.0673076923076923 0.19230769230769232 0.1346153846153846
1 0.5649038461538461 0.0673076923076923 0.265625 0.13341346153846154
1 0.7223557692307693 0.6538461538461539 0.234375 0.24519230769230768
1 0.5336538461538461 0.7451923076923077 0.24879807692307693 0.3245192307692308
1 0.8293269230769231 0.7896634615384616 0.2848557692307692 0.41466346153846156
1 0.6550480769230769 0.8581730769230769 0.2692307692307692 0.2776442307692308
1 0.2848557692307692 0.8798076923076923 0.23798076923076922 0.23317307692307693
1 0.4735576923076923 0.8858173076923077 0.22596153846153846 0.22235576923076922
1 0.06850961538461539 0.9038461538461539 0.13341346153846154 0.18629807692307693
1 0.23197115384615385 0.9483173076923077 0.27524038461538464 0.09735576923076923
1 0.9170673076923077 0.10576923076923077 0.1466346153846154 0.21153846153846154
1 0.3762019230769231 0.13701923076923078 0.21875 0.27403846153846156
1 0.7331730769230769 0.18509615384615385 0.24759615384615385 0.26322115384615385
1 0.8990384615384616 0.19831730769230768 0.19831730769230768 0.27163461538461536
1 0.17908653846153846 0.22596153846153846 0.24639423076923078 0.25721153846153844
1 0.5793269230769231 0.27283653846153844 0.2776442307692308 0.2920673076923077